1,3,4,7,8,9,12,13,19,11,11,11,11,111111,1111,1341
1,3,4,7,8,9,12,13,19,11,11,11,11,111111,1111,1341
1,3,4,7,8,9,12,13,19,11,11,11,11,111111,1111,1341
1,3,4,7,8,9,12,13,19,11,11,11,11,111111,1111,1341
1,3,4,7,8,9,12,13,19,11,11,11,11,111111,1111,1341
1,3,4,7,8,9,12,13,19,11,11,11,11,111111,1111,1341
1,3,4,7,8,9,12,13,19,11,11,11,11,111111,1111,1341
1,3,4,7,8,9,12,13,19,11,11,11,11,111111,1111,1341
1,3,4,7,8,9,12,13,19,11,11,11,11,111111,1111,1341
1,3,4,7,8,9,12,13,19,11,11,11,11,111111,1111,1341
1,3,4,7,8,9,12,13,19,11,11,11,11,111111,1111,1341
1,3,4,7,8,9,12,13,19,11,11,11,11,111111,1111,1341
1,3,4,7,8,9,12,13,19,11,11,11,11,111111,1111,1341
1,3,4,7,8,9,12,13,19,11,11,11,11,111111,1111,1341
1,3,4,7,8,9,12,13,19,11,11,11,11,111111,1111,1341
1,3,4,7,8,9,12,13,19,11,11,11,11,111111,1111,1341
1,3,4,7,8,9,12,13,19,11,11,11,11,111111,1111,1341
1,3,4,7,8,9,12,13,19,11,11,11,11,111111,1111,1341
1,3,4,7,8,9,12,13,19,11,11,11,11,111111,1111,1341
1,3,4,7,8,9,12,13,19,11,11,11,11,111111,1111,1341
1,3,4,7,8,9,12,13,19,11,11,11,11,111111,1111,1341
1,3,4,7,8,9,12,13,19,11,11,11,11,111111,1111,13411,3,4,7,8,9,12,13,19,11,11,11,11,111111,1111,1341
1,3,4,7,8,9,12,13,19,11,11,11,11,111111,1111,13411,3,4,7,8,9,12,13,19,11,11,11,11,111111,1111,1341
1,3,4,7,8,9,12,13,19,11,11,11,11,111111,1111,1341
1,3,4,7,8,9,12,13,19,11,11,11,11,111111,1111,1341
1,3,4,7,8,9,12,13,19,11,11,11,11,111111,1111,1341
1,3,4,7,8,9,12,13,19,11,11,11,11,111111,1111,1341
1,3,4,7,8,9,12,13,19,11,11,11,11,111111,1111,1341
1,3,4,7,8,9,12,13,19,11,11,11,11,111111,1111,1341
1,3,4,7,8,9,12,13,19,11,11,11,11,111111,1111,1341
1,3,4,7,8,9,12,13,19,11,11,11,11,111111,1111,1341
1,3,4,7,8,9,12,13,19,11,11,11,11,111111,1111,1341
1,3,4,7,8,9,12,13,19,11,11,11,11,111111,1111,1341
1,3,4,7,8,9,12,13,19,11,11,11,11,111111,1111,1341
1,3,4,7,8,9,12,13,19,11,11,11,11,111111,1111,1341
1,3,4,7,8,9,12,13,19,11,11,11,11,111111,1111,1341
1,3,4,7,8,9,12,13,19,11,11,11,11,111111,1111,1341